00110101
00110100
00110011
00110010
00110001
00110000
00110000
00101111
00101010
00101110
00101101
00101101
00101100
00101011
00111000
00110111
00110101
00110100
00110100
00110011
00110010
00110011
00100001
00101001
00110000
00101111
00101110
00101101
00111100
00111010
00111001
00111000
00110111
00110110
00110101
00110111
00100100
00101001
00110011
00110001
00110000
00101111
01000001
00111111
00111101
00111011
00111010
00111010
00111001
00111010
00101110
00110010
00110101
00110100
00110010
00110001
01000110
01000100
01000010
01000000
00111111
00111110
00111110
00111101
00110100
00110011
00111001
00110111
00110101
00110011
01001010
01000111
01000101
01000011
01000010
01000001
01000001
00111001
00111100
00110100
00110011
00111000
00110110
00110011
01001010
01001001
01001001
01000111
01000110
01000101
01000100
00111011
00100001
00101010
00100101
00111010
00110111
00110100
01001011
01001001
00111010
01001010
01000100
00110000
00011111
00101001
00100101
00100110
00101010
00101010
00011011
00101111
01001001
01000010
01001001
01001000
00111110
00110100
00010110
00011100
00111001
00101011
00111011
00100011
00100011
00101111
00011101
00011110
00100001
00100011
00100110
00101100
00100110
00111101
00100110
00011110
00100100
00100111
00101001
00110101
00000000
00000000
00000000
00000000
00000000
00000000
00000000
00000000
00000111
00000000
00000000
00000000
00000000
00000000
00000001
00000001
00000000
00000000
00000000
00000000
00000000
00000000
00010000
11110001
00000001
00000000
00000000
00000000
00000001
00000001
00000001
00000000
00000000
00000000
00000000
00000010
11111010
11111011
00000001
00000000
00000000
00000000
00000001
00000001
00000001
00000001
00000000
00000000
00000000
00000100
11100001
00001101
00000001
00000001
00000001
00000001
00000001
00000001
00000001
00000001
00000000
00000000
00000000
00000110
11011100
00001110
00000001
00000001
00000001
00000001
00000001
00000001
00000001
00000001
00000001
00000000
00000000
00000110
11101010
00001111
11111001
00000001
00000001
00000001
00000000
00000000
00000001
00000001
00000001
00000000
00000000
00001101
00000010
11110010
11110000
00000010
00000001
00000001
00000000
00000101
11111011
00000001
00001001
00000111
11110011
00000011
00000011
11111001
11111101
00001001
00000010
11111001
00000000
00001001
11111001
00000011
00010000
11111100
00000000
00000100
11101101
11110111
11110011
11111111
11111101
11111001
11111111
00000000
00000000
00000000
11111100
00000101
11101111
00010000
00001001
00000010
00001010
00000010
11111001
00001001
11111111
11111111
11111111
11111111
11111111
11111111
11111111
11111111
00000110
11111111
11111111
11111111
11111111
11111111
11111111
11111111
11111111
11111111
11111111
11111111
11111111
11111110
00000000
00000010
11111111
11111111
11111111
11111111
11111110
11111110
11111111
11111111
11111111
11111111
11111111
11111111
11111010
11111010
11111111
11111111
11111111
11111111
11111110
11111110
11111110
11111110
11111110
11111110
11111110
11111110
00000000
11111111
11111111
11111111
11111111
11111111
11111110
11111110
11111110
11111110
11111111
11111111
11111110
00000000
11111110
11111111
11111111
11111111
00000000
00000000
00000000
11111111
11111111
11111111
11111110
11111110
11111111
00000111
00000110
00000000
00000110
11111111
00000000
00000000
00000000
11111111
11111110
11111111
11111110
11111110
11111110
11111000
00001010
00011000
00000011
00000000
00000000
00000000
11111110
00000011
00000011
11111111
00000111
00001111
11111110
00001000
00001000
00001000
00000110
00001001
00001111
00000110
00000011
00000000
11111000
00000100
11111101
11110001
11111111
00000001
11110111
11110001
11101100
11111111
11100100
11110110
00001110
00001001
00001010
00001101
00001101
00010101
00000111
00001101
00000100
11111100
00000011
00000110
00001100
00010111
00000000
00000000
00000000
00000000
00000000
00000000
00000000
00000000
11111101
00000000
00000000
00000000
00000000
00000000
00000000
00000000
00000000
00000000
00000000
00000000
00000000
00000000
00000001
00000001
00000000
00000000
00000000
00000000
00000000
00000000
00000000
00000000
00000000
00000000
00000000
00000001
00000100
00000000
00000000
00000000
00000000
00000000
00000000
00000000
00000000
00000000
00000000
00000000
00000000
00000000
00000001
00000000
00000000
00000000
00000000
00000000
00000000
00000000
00000000
00000000
00000000
00000000
00000000
00000000
00000011
00000000
00000000
00000000
00000000
00000000
11111111
00000000
00000000
00000000
00000000
00000000
00000000
11111110
11111011
00000000
00000001
00000000
00000000
00000000
00000000
00000000
00000001
00000000
00000000
00000000
00000000
11111001
00000110
11111111
00000001
00000000
00000000
00000000
00000000
11111110
11111011
00000000
11111101
00000111
11110011
11101110
11101100
11101101
11101110
00000000
00001000
11111110
00000001
11111110
11111101
11111110
00000010
00001001
00000000
00000011
11101111
11110100
11110010
11111010
00000010
00000001
00001011
00000111
00000110
00000011
11111100
00000101
00000000
11101011
11110100
11110111
11110101
11110101
00000010
11111010
00000000
00000000
00000000
00000000
00000000
00000000
00000000
00000000
11111001
00000000
00000000
00000000
00000000
00000000
00000000
00000000
00000000
00000000
00000000
00000000
00000000
00000000
00000001
00000011
00000000
00000000
00000000
00000000
00000000
00000000
00000000
00000000
00000000
00000000
00000000
11111111
00001010
11110101
00000000
00000000
00000000
00000000
00000000
00000000
00000000
00000000
00000000
00000000
00000000
00000001
00000001
00000000
00000000
00000000
00000000
00000000
00000000
00000000
00000000
00000000
00000000
00000000
00000000
11111111
00000000
00000000
00000000
00000000
00000000
00000000
00000000
00000000
00000000
00000000
00000000
00000000
00000000
00000001
00000011
00000001
00000010
00000000
00000000
00000000
00000000
00000000
00000000
00000000
00000000
00000000
00000000
11111101
11110011
00001011
00000100
00000000
00000000
00000000
00000000
11111010
00000011
00000000
11110111
00001001
00000000
11111111
11111101
11111111
00000010
00000000
11111100
00000110
00000000
00001000
11111011
11111110
00000110
11111100
00000011
00000100
00000011
00000110
00000111
00000100
00000001
11110110
00000010
00000001
00000010
00000001
00000001
00000011
11111001
00000001
00000111
00000001
00001000
11111111
11111011
00000110
01010110
01010110
01010110
01010110
01010111
01010111
01010111
01010111
01001111
01010111
01010111
01010111
01010111
01010111
01010110
01010110
01010110
01010110
01010110
01010111
01010111
01010110
00110100
01001111
01010111
01010111
01010111
01010110
01010101
01010101
01010110
01010110
01010110
01010110
01010111
01001100
00110011
01001001
01010111
01010111
01010110
01010110
01010100
01010101
01010101
01010101
01010101
01010110
01010110
01001100
00110110
01001000
01010110
01010110
01010110
01010110
01010011
01010100
01010100
01010100
01010100
01010100
01010100
01001011
00111010
01001000
01010101
01010101
01010101
01010101
01010001
01010001
01010010
01010010
01010011
01010010
01010011
01001010
01000010
01000110
01010000
01010100
01010100
01010100
01001110
01001110
01001101
01001111
01010000
01010000
01010001
01001001
01000010
00111111
01001000
01010011
01010011
01010011
01001010
01001001
00111110
01001011
01001011
01000011
00110110
00101110
00110000
00101101
00101110
00110111
01000100
01001111
01001001
01000000
00110011
01000101
01000111
00111001
00110101
00110011
00101100
00101110
00101001
00110100
01000001
01001101
00111011
00111000
00110110
00110110
00110011
00110000
00110000
00101001
00110011
00110011
00110010
00110001
00110101
00101111
00101110
00101110
00101110
00101110
00101110
00101101
00101101
00101101
00110011
00101101
00101101
00101101
00101101
00101101
00101110
00101110
00101110
00101110
00101110
00101101
00101101
00101110
01000110
00110010
00101101
00101101
00101101
00101101
00101110
00101110
00101110
00101110
00101110
00101110
00101101
00110100
01000110
00110110
00101101
00101101
00101101
00101101
00101111
00101111
00101111
00101110
00101110
00101110
00101110
00110100
01000100
00110111
00101101
00101101
00101101
00101101
00101111
00101111
00101111
00101111
00101111
00101111
00101110
00110101
01000001
00111000
00101110
00101110
00101110
00101101
00110000
00110000
00110000
00110000
00101111
00110000
00110000
00110110
00111100
00111001
00110010
00101110
00101110
00101110
00110010
00110010
00110010
00110001
00110001
00110001
00110000
00110110
00111011
00111110
00110111
00101111
00101110
00101110
00110100
00110101
01000000
00110011
00110100
00111001
01000100
01001011
01001010
01001101
01001110
01001000
00111010
00110001
00110110
00111110
01000101
00111010
00111000
01000010
01000100
01000110
01001001
01001100
01001011
01000111
00111100
00110101
00111011
00111110
00111111
01000000
01000001
01000100
01000010
01000110
01000011
01000010
01000100
01000100
01000011
01001000
