              0
             21
             23
             31
             31
             29
             28
             26
              4
             10
             11
              8
             16
             12
             14
             13
              7
             19
             17
             13
             17
             10
             13
             18
             23
              7
             14
             16
             19
             13
             15
             25
              8
             15
             18
             19
             26
             25
             23
             28
             28
             27
             26
             17
             28
             24
             27
             29
             30
             28
             21
             33
             26
             14
             30
             33
             23
             19
             20
             31
             33
             25
             32
             26
             30
             33
             20
             20
             27
             29
             20
             24
             29
             27
             24
             23
             23
             18
             13
             23
             18
             22
             24
             34
             17
             26
             17
             17
             17
             12
             13
             14
             25
             14
             11
             12
             13
             25
             25
             16
             15
             11
             16
             16
             18
             19
             17
             25
             13
             16
             18
              7
             13
             13
             22
             12
             12
             18
             18
             13
             16
             16
             19
             20
             18
             18
             23
             18
             14
             24
             18
             17
             29
             26
             16
             25
             23
             21
             18
             25
             22
             24
             22
             16
             19
             17
             11
             20
             14
             19
             14
             15
             21
             14
             21
             18
             13
             24
             15
             17
             14
             16
             26
             23
             22
             20
             14
             22
             17
             24
             14
             18
             28
             24
             25
             17
             26
             26
             24
             21
             13
             21
             15
             15
             14
             15
             13
             10
              9
              8
              9
              7
              9
              2
             10
              2
              7
              7
              2
              3
              1
              7
              5
              4
              5
              3
              5
              4
              4
              2
              1
              1
              0
              3
              1
              2
              4
              1
              0
              0
              1
              1
              0
              0
              0
              0
              0
              0
              0
              1
              0
              0
              0
              0
              0
              0
              0
              0
              0
              0
              0
              1
              0
              0
              0
              0
              0
              0
              0
              0
              0
              0
              0
              0
              0
             23
