            533
            150
            220
            345
            301
            381
            442
            447
            602
            690
            822
            890
            898
           1119
           1108
            720
            385
            260
            223
            193
            174
            145
            135
            131
            146
            134
            115
             98
            126
            167
            279
            221
            187
            247
            282
            480
            479
            328
            292
            185
            129
             76
             50
             38
             22
             12
             15
              8
              7
              3
              9
              4
              1
              5
              0
              2
              0
              0
              0
              0
              3
              0
              0
              0
              0
              0
              0
              0
              0
              1
              0
              2
              0
              1
              0
              1
              0
              0
              0
              1
              0
              1
              0
              2
              2
              0
              2
              1
              2
              0
             31
              1
              0
              3
              3
              1
              3
              3
              6
              5
              6
             12
             12
             15
             28
             35
             36
             57
            110
           9291
          37936
           2750
            721
            640
            733
            837
            879
            534
            397
            312
            414
            204
            131
            212
            195
            207
            127
            109
            142
            110
             91
            121
             91
             87
            110
             85
             61
             64
             89
             58
             69
             73
             27
             72
             58
             38
             59
             47
             53
              3
            176
              9
             43
             74
             55
             55
             69
             43
             91
             77
             68
             80
             75
             82
             73
            123
             74
            109
             92
             99
            103
            126
             67
            127
            110
            130
            123
            117
            125
            113
