              0
              8
              8
              9
              5
              7
              2
              5
              4
              6
              6
              8
              6
              9
             12
              9
             13
             16
             14
             16
             10
             20
             20
             28
             22
             24
             29
             35
             38
             27
             30
             27
             29
             44
             39
             38
             33
             38
             29
             30
             34
             34
             37
             32
             33
             36
             25
             22
             35
             35
             23
             30
             29
             40
             24
             32
             29
             41
             38
             48
             28
             36
             27
             22
             35
             20
             43
             27
             34
             32
             32
             22
             25
             20
             18
             11
             15
             21
             15
             25
             20
             24
             21
             23
             19
             16
             22
             18
             19
             16
             23
             24
             16
             27
             26
             20
             19
             17
             15
             18
             10
             16
             20
             34
             17
             32
             19
             20
             27
             24
             28
             16
             25
             28
             23
             36
             28
             28
             24
             33
             22
             29
             25
             24
             20
             23
             16
             28
             22
             32
             20
             14
             16
             18
             13
             12
             16
             12
             12
             14
             14
             13
             15
              9
             20
             23
             17
             13
             18
             21
             16
             21
             20
             24
             14
             19
             20
             22
             21
             17
              9
             19
             11
             14
             15
             12
             12
             11
             12
              8
             17
              8
             11
              6
             14
              6
              3
              4
              4
              5
              3
              2
              6
              1
              1
              2
              3
              0
              2
              3
              1
              1
              1
              1
              1
              0
              0
              1
              0
              1
              0
              0
              2
              0
              1
              0
              0
              0
              0
              0
              0
              0
              0
              0
              0
              0
              0
              0
              0
              0
              0
              0
              0
              0
              1
              0
              2
              1
              5
              2
              2
              3
              2
              1
              1
              0
              0
              0
              0
              1
              3
              1
              1
              0
              2
              0
              0
              1
              0
              0
              0
              0
              0
              0
              0
             23
