              0
              1
              2
              2
              8
             10
              8
              6
              4
             11
              9
             13
              8
             13
              7
             12
             12
             15
             13
             14
             16
             10
             17
             13
             15
             15
              8
             15
             18
             22
             14
             15
             19
             17
             24
             23
             21
             26
             32
             35
             30
             32
             33
             33
             35
             38
             33
             36
             26
             27
             24
             26
             30
             32
             34
             30
             30
             31
             37
             31
             35
             36
             35
             35
             30
             40
             30
             30
             23
             27
             27
             26
             38
             38
             27
             34
             30
             34
             34
             30
             27
             27
             22
             15
             22
             24
             16
             13
             19
             19
             23
             18
             17
             19
             19
             20
             19
             16
             14
             23
             14
             17
             14
             17
             14
             16
             16
             14
             13
             20
             13
             23
             17
             13
             10
             12
             16
             25
             22
             16
             18
             18
             14
             19
             15
             16
             21
             24
             19
             22
             21
             26
             22
             22
             20
             23
             33
             29
             24
             21
             35
             30
             18
             15
             20
             19
             21
             20
             26
             17
             12
             15
             14
             10
             15
             16
             25
             22
             20
             21
             22
             23
             25
             23
             18
             18
             19
             16
             20
             13
             19
             16
             14
             15
             17
             12
              9
              7
             13
             14
             13
              9
             12
             10
             10
              5
              4
              4
              9
              3
              1
              1
              6
              3
              2
              5
              1
              1
              2
              4
              2
              0
              1
              3
              0
              2
              1
              1
              2
              1
              0
              0
              2
              1
              0
              0
              0
              0
              2
              1
              0
              0
              0
              0
              0
              0
              0
              3
              1
              0
              0
              0
              0
              1
              0
              0
              0
              0
              0
              0
              0
              0
              0
              0
              0
              0
              0
              0
              0
              0
              0
              0
              1
             10
             23
             18
